3.546846866607666
[2.455897092819214, 7.014074802398682, 3.4472947120666504, 3.250312566757202, 4.827699184417725, 3.913391351699829, 4.237431049346924, 3.2505598068237305, 3.281888961791992, 2.325192451477051, 1.0115690231323242]

3.7017295360565186
[2.712920665740967, 7.000319004058838, 3.9385015964508057, 3.4421470165252686, 4.718469142913818, 4.40086030960083, 4.463388442993164, 3.0708539485931396, 3.4338293075561523, 2.8695216178894043, 0.6682149767875671]

3.40295672416687
[2.3161814212799072, 6.748730659484863, 3.313816785812378, 2.8914084434509277, 4.935318470001221, 4.012633800506592, 4.152800559997559, 2.8571927547454834, 3.2999722957611084, 2.0995166301727295, 0.8049501776695251]

3.3932249546051025
[2.5508828163146973, 6.75978946685791, 3.212545871734619, 3.1182281970977783, 4.34793758392334, 3.921910047531128, 4.255348205566406, 2.7999980449676514, 3.3448827266693115, 2.1005055904388428, 0.9134487509727478]

3.5165364742279053
[2.77547550201416, 6.810931205749512, 3.091254234313965, 3.1833014488220215, 4.574395656585693, 3.7501444816589355, 4.038218975067139, 3.0384814739227295, 3.7133331298828125, 2.391005754470825, 1.3153613805770874]

3.544498920440674
[2.138289213180542, 6.62699031829834, 3.559983015060425, 3.3742337226867676, 4.7780375480651855, 4.14231014251709, 4.046062469482422, 3.024182081222534, 3.6057488918304443, 2.587580919265747, 1.1060694456100464]

3.5711934566497803
[2.522357702255249, 7.127066135406494, 3.6180484294891357, 3.4991986751556396, 4.378215789794922, 3.9312760829925537, 4.253871917724609, 3.037386178970337, 3.4834606647491455, 2.3144690990448, 1.1177780628204346]

3.492849349975586
[2.7548470497131348, 6.467141628265381, 3.4871771335601807, 3.221879482269287, 4.659704685211182, 3.727666139602661, 4.156508922576904, 3.2327232360839844, 3.733508825302124, 1.974710464477539, 1.0054750442504883]

3.608849287033081
[2.8143138885498047, 7.056941032409668, 3.2579309940338135, 3.248748302459717, 4.845525741577148, 4.011744499206543, 4.370333194732666, 2.877042770385742, 3.494474172592163, 2.598884105682373, 1.121403694152832]

3.566049814224243
[2.630643606185913, 7.077189922332764, 3.5542173385620117, 3.1297781467437744, 4.7917375564575195, 3.838721990585327, 4.2153167724609375, 3.121225357055664, 3.5330300331115723, 2.292954683303833, 1.0417335033416748]

3.4708468914031982
[2.7365875244140625, 7.232701301574707, 3.3772222995758057, 3.3292768001556396, 4.613379955291748, 3.951929807662964, 4.260196685791016, 2.884061813354492, 3.3366897106170654, 1.586875081062317, 0.8703946471214294]

