3.505485773086548
[3.0257139205932617, 6.502890110015869, 3.4729530811309814, 2.9172170162200928, 4.604684352874756, 3.835747718811035, 4.290509223937988, 3.2606351375579834, 3.377387285232544, 2.283905506134033, 0.9886979460716248]

3.4583733081817627
[2.8526625633239746, 6.336410045623779, 3.503333330154419, 3.183046579360962, 4.643794059753418, 3.8049778938293457, 4.249305248260498, 2.922045946121216, 3.317410945892334, 2.3578951358795166, 0.8712249994277954]

3.5268075466156006
[2.8483798503875732, 6.538963317871094, 3.428210973739624, 3.044593334197998, 4.598667144775391, 3.925963878631592, 4.28159761428833, 3.1239707469940186, 3.433483600616455, 2.281480550765991, 1.2895712852478027]

3.6505305767059326
[3.0128486156463623, 6.423159599304199, 3.424473762512207, 3.4704396724700928, 4.833381175994873, 3.9173290729522705, 4.389441967010498, 3.2324273586273193, 3.612516164779663, 2.6501805782318115, 1.1896398067474365]

3.4767117500305176
[2.862231969833374, 6.501178741455078, 3.233191967010498, 3.209338426589966, 4.6040873527526855, 3.894697427749634, 4.173834323883057, 3.0072824954986572, 3.3752474784851074, 2.4829139709472656, 0.899827241897583]

3.532489776611328
[2.8197052478790283, 6.545750141143799, 3.488062620162964, 3.298793077468872, 4.829134941101074, 3.966043710708618, 4.3479485511779785, 3.045767307281494, 3.2959346771240234, 2.278667688369751, 0.9415783286094666]

3.3947556018829346
[2.3411824703216553, 6.582705497741699, 3.2588260173797607, 3.0134503841400146, 4.620622158050537, 3.9000191688537598, 4.057796001434326, 2.823974132537842, 3.4333548545837402, 2.116921901702881, 1.1934603452682495]

3.468285083770752
[2.4729316234588623, 6.4025702476501465, 3.4465513229370117, 3.359489679336548, 4.752442359924316, 3.8091752529144287, 4.148719787597656, 3.2128069400787354, 3.395644426345825, 2.092533588409424, 1.058269739151001]

3.524538040161133
[3.2270216941833496, 6.607059478759766, 3.4851531982421875, 3.18660044670105, 4.6021504402160645, 3.8571407794952393, 4.237827301025391, 2.848294973373413, 3.4064958095550537, 2.1523213386535645, 1.1598495244979858]

3.4039430618286133
[2.3814337253570557, 6.73715877532959, 3.460162401199341, 3.1371243000030518, 4.67780876159668, 3.920919179916382, 3.9626667499542236, 3.054877996444702, 3.2598583698272705, 2.1223936080932617, 0.7289648056030273]

